# change date is: 2015.05.02
ROBOT_ID = 1, 2, 3, 4, 5, 6, 7, 8, 9, 10, 11, 12
ROBOT_NUM = 1,2,3,4,5,6,7,8,11,12
CHASSIS_NUM = 1501,1502,1503,1504,1505,1506,1507,1508,1509,1510
APARAM_FLAT_KICK = 9.823,11.121,10.013,11.735,11.6,11.02,10.35,10.33,0.0,0.0,9.64,10.8
BPARAM_FLAT_KICK = -0.01888,-0.03097,-0.01686,-0.03317,-0.03657,-0.02357,-0.00952,-0.02415,0.0,0.0,-0.02156,-0.03171
CPARAM_FLAT_KICK = 27.71,34.31,24.27,29.38,29.25,36.12,22.89,26.82,0.0,0.0,26.61,28.41
MINPARAM_FLAT_KICK_POWER = 22, 20, 22, 22, 24, 22, 24, 22, 21, 21, 16, 16
#		           #1  #2  #3  #4  #5   #6   #7  #8  #9  #10 #11 #12
MAXPARAM_FLAT_KICK_POWER = 90, 62, 67, 70, 127, 105, 62, 68, 90, 90, 63, 60
APARAM_CHIP_KICK = 0.0, 0.001087, 0.000242, 0.001514, 0.002598, 0.003715, 0.000611, 0.001554, 0.0, 0.0, 0.001388, 0.00230
BPARAM_CHIP_KICK = 0.0, -0.0162, 0.0469, -0.1406, -0.4711, -0.4701, 0.0580, -0.2950, 0.0, 0.0, -0.0606, -0.4419
CPARAM_CHIP_KICK = 127, 30.2, 4.23, 35.69, 63.30, 65.72, 23.41, 55.24, 0.0, 0.0, 17.0, 61.02
MINPARAM_CHIP_KICK_POWER = 0, 0, 0, 0, 0, 0, 0, 0, 0, 0, 0, 0
MAXPARAM_CHIP_KICK_POWER = 127, 127, 127, 127, 127, 127, 127, 127, 127, 127, 127, 127
#CHASE_KICK_CROSS_FACTOR = 0.5, 0.5, 0.5, 0.5, 0.3, 0.5, 0.5, 0.5, 0.5, 0.5, 0.5, 0.5
#CHASE_KICK_VERTICAL_FACTOR = 1, 1, 1, 1, 1, 1, 1, 1, 1, 1, 1, 1
CHASE_KICK_CROSS_FACTOR = 0.16, 0.5, 0.5, 0.22, 0.12, 0.3, 0.2, 0.12, 0.5, 0.5, 0.5, 0.5
CHASE_KICK_VERTICAL_FACTOR = 0.35, 0.6, 1.7, 0.6, 1.5, 0.45, 0.6, 1.4, 0.6, 0.6, 0.6, 0.6
LEVEL1501 = 21, 221,	 250,	270, 300
VALUE1501 = 0,  0.025, 0.05, 0.075, 0.1
LEVEL1502 = 51, 116, 150, 175,   200,  225,   250, 260,   270,  275,   280, 285,   290,  295,  300
VALUE1502 = 0,  0.1,	0.2, 0.225,	0.25, 0.275, 0.3, 0.325, 0.35, 0.375, 0.4, 0.425, 0.45, 0.475, 0.5
LEVEL1503 = 10, 51,	 80,	120, 141,  161, 231,  251, 270,  290,  300
VALUE1503 = 0,  0.05, 0.075, 0.1, 0.15, 0.2, 0.25, 0.3, 0.325, 0.35, 0.375
LEVEL1504 = 10, 51,	 80,	120, 141,  161, 231,  251, 270,  290,  300
VALUE1504 = 0,  0.05, 0.075, 0.1, 0.15, 0.2, 0.25, 0.3, 0.325, 0.35, 0.375
LEVEL1505 = 10, 51,	 80,	120, 141,  161, 231,  251, 270,  290,  300
VALUE1505 = 0,  0.05, 0.075, 0.1, 0.15, 0.2, 0.25, 0.3, 0.325, 0.35, 0.375
LEVEL1506 = 10, 61,	111,  141,  201, 221,	251, 	271,   285,  300, 320
VALUE1506 = 0,0.05,	0.1,  0.15, 0.2, 0.25, 	0.30, 	0.325, 0.35, 0.375,	0.4
LEVEL1507 = 10, 51,	 80,	120, 141,  161, 231,  251, 290,  300
VALUE1507 = 0,  0.05, 0.075, 0.1, 0.15, 0.2, 0.25, 0.35,  0.375, 0.425
LEVEL1508 = 10, 51,	 80,	120, 141,  171, 201,  251, 271, 290, 300
VALUE1508 = 0,  0.05, 0.075, 0.1, 0.15, 0.2, 0.25, 0.3,  0.35, 0.4, 0.425
LEVEL1509 = 21, 221,	 250,	270, 300
VALUE1509 = 0,  0.025, 0.05, 0.075, 0.1
LEVEL1510 = 10, 51,	 80,	120, 141,  161, 180,  200,   220, 230,   240,  250, 260
VALUE1510 = 0,  0.05, 0.075, 0.1, 0.15, 0.2, 0.25, 0.275, 0.3, 0.325, 0.35, 0.4, 0.5
